
    	   888888
        888888888888
      8888888888888888
    8888   888888   8888
   8888     8888     8888
   88888   888888   88888    ___________________________
   8888888888888888888888   /                           \
   8888888888888888888888  |                             |
   8888888888888888888888  |                             |
    88888888888888888888   |  	                         |
     888888888888888888     \  _________________________/
      8888888  8888888      / /
       88888    88888  ____/ /
        88888  88888  <_____/
          88888888
            8888
